(1,533352)
(2,272849)
(3,183545)
(4,123059)
(5,92471)
(6,74341)
(7,63427)
(8,55727)
(10,54620)
(9,51616)
(11,12363)
(12,11109)
(13,10080)
(1001,9157)
(14,9138)
(15,8246)
(16,7924)
(20,7850)
(17,7415)
(18,7073)
(19,6922)
(21,4356)
(22,3956)
(23,3857)
(30,3571)
(24,3490)
(25,3293)
(26,3286)
(27,3126)
(29,3100)
(28,2992)
(31,2305)
(32,2251)
(40,2157)
(33,2064)
(34,1923)
(35,1847)
(36,1820)
(37,1759)
(39,1724)
(38,1703)
(50,1434)
(42,1376)
(41,1360)
(43,1332)
(44,1302)
(46,1201)
(45,1162)
(48,1151)
(49,1151)
(47,1136)
(60,988)
(52,986)
(51,935)
(53,898)
(59,849)
(58,846)
(54,840)
(56,825)
(55,797)
(57,772)
(61,738)
(91,672)
(62,667)
(70,661)
(64,648)
(1002,647)
(100,645)
(92,627)
(63,622)
(66,619)
(68,617)
(69,613)
(65,610)
(93,601)
(94,584)
(99,581)
(67,579)
(72,575)
(80,573)
(74,534)
(79,523)
(95,522)
(71,519)
(75,506)
(73,502)
(97,501)
(96,498)
(90,495)
(77,486)
(76,485)
(81,472)
(86,456)
(82,452)
(98,450)
(78,445)
(84,440)
(1003,422)
(83,418)
(85,410)
(87,387)
(89,381)
(88,345)
(110,315)
(101,313)
(103,295)
(102,294)
(104,292)
(109,278)
(120,256)
(105,250)
(106,249)
(1004,248)
(107,244)
(108,243)
(1005,223)
(112,223)
(111,222)
(142,221)
(114,216)
(115,209)
(130,207)
(118,206)
(113,202)
(150,197)
(141,190)
(121,189)
(117,189)
(119,186)
(116,185)
(124,180)
(149,179)
(143,178)
(122,177)
(144,176)
(123,175)
(146,170)
(131,170)
(129,165)
(145,163)
(140,161)
(125,161)
(148,161)
(139,160)
(1006,159)
(134,158)
(133,154)
(126,149)
(132,145)
(147,144)
(128,144)
(127,142)
(160,141)
(137,141)
(135,126)
(136,118)
(1008,117)
(138,116)
(1007,112)
(151,110)
(152,109)
(158,109)
(154,109)
(153,107)
(200,106)
(161,106)
(159,104)
(168,101)
(174,100)
(169,100)
(162,99)
(180,98)
(155,98)
(163,98)
(170,96)
(191,94)
(167,94)
(172,94)
(198,93)
(156,92)
(192,92)
(157,91)
(164,91)
(193,85)
(188,85)
(199,85)
(201,82)
(166,82)
(173,81)
(171,79)
(189,79)
(165,78)
(190,78)
(210,77)
(242,76)
(195,75)
(178,75)
(175,74)
(176,74)
(202,74)
(194,73)
(250,69)
(196,69)
(244,69)
(183,67)
(232,66)
(223,66)
(179,66)
(185,63)
(181,63)
(197,63)
(182,62)
(208,62)
(243,61)
(241,60)
(220,59)
(245,57)
(186,57)
(212,57)
(240,56)
(206,56)
(177,56)
(209,56)
(225,54)
(211,54)
(222,52)
(203,52)
(184,52)
(219,51)
(205,49)
(217,49)
(187,49)
(260,48)
(246,48)
(239,48)
(235,47)
(300,47)
(230,47)
(216,47)
(221,47)
(229,46)
(251,44)
(248,44)
(249,44)
(231,43)
(214,43)
(247,42)
(272,42)
(218,42)
(270,41)
(226,41)
(236,40)
(207,40)
(213,40)
(233,40)
(299,39)
(234,38)
(269,38)
(285,37)
(295,37)
(227,37)
(237,37)
(277,37)
(238,37)
(224,37)
(204,36)
(259,36)
(279,36)
(294,36)
(252,35)
(273,35)
(254,35)
(274,35)
(290,34)
(282,34)
(228,34)
(263,34)
(256,33)
(264,33)
(215,32)
(271,32)
(281,32)
(297,32)
(267,32)
(268,32)
(253,32)
(258,32)
(255,31)
(275,31)
(291,31)
(280,30)
(311,29)
(266,29)
(298,29)
(288,28)
(278,28)
(289,28)
(345,27)
(341,27)
(286,27)
(262,27)
(392,27)
(318,27)
(350,26)
(346,26)
(257,26)
(309,26)
(276,25)
(357,25)
(284,25)
(304,25)
(265,24)
(301,24)
(310,23)
(393,23)
(261,22)
(347,22)
(303,22)
(283,22)
(305,21)
(315,21)
(321,21)
(296,21)
(342,21)
(373,21)
(313,21)
(336,20)
(547,20)
(292,20)
(348,20)
(314,20)
(330,19)
(331,19)
(401,19)
(307,19)
(302,19)
(293,19)
(308,19)
(324,19)
(441,18)
(371,18)
(333,18)
(398,18)
(419,18)
(344,18)
(394,18)
(319,18)
(334,18)
(325,17)
(381,17)
(337,17)
(317,17)
(382,17)
(327,17)
(287,17)
(400,16)
(380,16)
(396,16)
(306,16)
(356,16)
(387,16)
(372,16)
(379,16)
(340,15)
(390,15)
(450,15)
(375,15)
(326,15)
(361,15)
(332,15)
(592,15)
(343,15)
(339,15)
(409,15)
(349,15)
(320,14)
(360,14)
(546,14)
(391,14)
(322,14)
(397,14)
(572,14)
(328,14)
(358,14)
(493,14)
(399,14)
(530,13)
(540,13)
(366,13)
(541,13)
(491,13)
(377,13)
(338,13)
(353,13)
(368,13)
(378,13)
(448,13)
(444,13)
(470,12)
(510,12)
(405,12)
(1000,12)
(316,12)
(446,12)
(402,12)
(462,12)
(442,12)
(323,12)
(369,12)
(329,12)
(384,12)
(355,11)
(595,11)
(370,11)
(351,11)
(367,11)
(352,11)
(407,11)
(362,11)
(443,11)
(363,11)
(544,11)
(354,11)
(480,10)
(435,10)
(430,10)
(395,10)
(550,10)
(386,10)
(626,10)
(591,10)
(756,10)
(501,10)
(511,10)
(596,10)
(521,10)
(492,10)
(577,10)
(412,10)
(417,10)
(597,10)
(662,10)
(477,10)
(422,10)
(403,10)
(388,10)
(418,10)
(648,10)
(744,10)
(509,10)
(494,10)
(469,10)
(499,10)
(459,10)
(520,9)
(460,9)
(415,9)
(570,9)
(465,9)
(610,9)
(500,9)
(485,9)
(741,9)
(436,9)
(601,9)
(431,9)
(692,9)
(717,9)
(437,9)
(312,9)
(628,9)
(463,9)
(383,9)
(498,9)
(464,9)
(644,9)
(804,9)
(449,9)
(999,9)
(420,8)
(440,8)
(410,8)
(335,8)
(365,8)
(646,8)
(411,8)
(551,8)
(711,8)
(616,8)
(376,8)
(421,8)
(447,8)
(472,8)
(997,8)
(612,8)
(623,8)
(548,8)
(508,8)
(468,8)
(759,8)
(389,8)
(424,8)
(594,8)
(619,8)
(484,8)
(585,7)
(445,7)
(385,7)
(555,7)
(996,7)
(466,7)
(566,7)
(461,7)
(611,7)
(406,7)
(496,7)
(712,7)
(632,7)
(742,7)
(697,7)
(427,7)
(652,7)
(507,7)
(882,7)
(497,7)
(432,7)
(537,7)
(642,7)
(518,7)
(543,7)
(423,7)
(503,7)
(653,7)
(598,7)
(574,7)
(454,7)
(434,7)
(599,7)
(414,7)
(359,7)
(549,7)
(364,7)
(689,7)
(860,6)
(605,6)
(715,6)
(525,6)
(505,6)
(670,6)
(730,6)
(495,6)
(890,6)
(845,6)
(620,6)
(425,6)
(935,6)
(475,6)
(720,6)
(490,6)
(880,6)
(580,6)
(451,6)
(621,6)
(556,6)
(506,6)
(536,6)
(526,6)
(791,6)
(481,6)
(976,6)
(971,6)
(471,6)
(456,6)
(426,6)
(921,6)
(582,6)
(667,6)
(482,6)
(962,6)
(467,6)
(502,6)
(527,6)
(657,6)
(487,6)
(517,6)
(428,6)
(533,6)
(738,6)
(793,6)
(713,6)
(973,6)
(563,6)
(753,6)
(478,6)
(429,6)
(754,6)
(654,6)
(919,6)
(474,6)
(639,6)
(554,6)
(569,6)
(714,6)
(374,6)
(604,6)
(534,6)
(930,5)
(795,5)
(590,5)
(645,5)
(665,5)
(575,5)
(805,5)
(675,5)
(455,5)
(660,5)
(900,5)
(960,5)
(931,5)
(476,5)
(896,5)
(961,5)
(666,5)
(516,5)
(946,5)
(716,5)
(776,5)
(881,5)
(452,5)
(977,5)
(512,5)
(812,5)
(532,5)
(787,5)
(827,5)
(902,5)
(607,5)
(522,5)
(473,5)
(558,5)
(898,5)
(783,5)
(513,5)
(683,5)
(998,5)
(483,5)
(608,5)
(678,5)
(928,5)
(488,5)
(514,5)
(659,5)
(489,5)
(524,5)
(849,5)
(404,5)
(669,5)
(614,5)
(629,5)
(564,5)
(899,5)
(635,4)
(850,4)
(565,4)
(630,4)
(885,4)
(615,4)
(600,4)
(910,4)
(790,4)
(705,4)
(800,4)
(750,4)
(680,4)
(560,4)
(700,4)
(641,4)
(926,4)
(721,4)
(866,4)
(581,4)
(651,4)
(941,4)
(726,4)
(606,4)
(706,4)
(936,4)
(691,4)
(531,4)
(901,4)
(416,4)
(486,4)
(752,4)
(912,4)
(897,4)
(722,4)
(782,4)
(892,4)
(622,4)
(552,4)
(617,4)
(927,4)
(757,4)
(747,4)
(932,4)
(828,4)
(633,4)
(603,4)
(693,4)
(823,4)
(438,4)
(948,4)
(593,4)
(838,4)
(458,4)
(743,4)
(588,4)
(568,4)
(643,4)
(538,4)
(833,4)
(943,4)
(748,4)
(818,4)
(663,4)
(433,4)
(729,4)
(624,4)
(679,4)
(974,4)
(809,4)
(649,4)
(834,4)
(824,4)
(704,4)
(589,4)
(889,4)
(479,4)
(879,4)
(439,4)
(709,4)
(584,4)
(924,4)
(724,4)
(839,4)
(739,4)
(559,4)
(755,3)
(985,3)
(515,3)
(855,3)
(835,3)
(915,3)
(740,3)
(745,3)
(650,3)
(725,3)
(980,3)
(690,3)
(780,3)
(830,3)
(840,3)
(870,3)
(965,3)
(586,3)
(676,3)
(681,3)
(801,3)
(886,3)
(851,3)
(731,3)
(836,3)
(891,3)
(806,3)
(561,3)
(811,3)
(911,3)
(951,3)
(671,3)
(966,3)
(991,3)
(826,3)
(656,3)
(952,3)
(732,3)
(957,3)
(637,3)
(842,3)
(832,3)
(852,3)
(917,3)
(602,3)
(707,3)
(837,3)
(797,3)
(872,3)
(982,3)
(802,3)
(702,3)
(727,3)
(862,3)
(587,3)
(922,3)
(542,3)
(408,3)
(703,3)
(808,3)
(528,3)
(878,3)
(413,3)
(698,3)
(848,3)
(953,3)
(553,3)
(863,3)
(813,3)
(913,3)
(868,3)
(888,3)
(773,3)
(583,3)
(613,3)
(638,3)
(923,3)
(983,3)
(938,3)
(573,3)
(778,3)
(529,3)
(934,3)
(964,3)
(539,3)
(954,3)
(799,3)
(784,3)
(894,3)
(579,3)
(959,3)
(684,3)
(734,3)
(874,3)
(504,3)
(994,3)
(674,3)
(789,3)
(939,3)
(949,3)
(989,3)
(990,2)
(945,2)
(815,2)
(950,2)
(655,2)
(735,2)
(975,2)
(760,2)
(920,2)
(955,2)
(695,2)
(970,2)
(685,2)
(625,2)
(905,2)
(545,2)
(825,2)
(875,2)
(925,2)
(640,2)
(895,2)
(906,2)
(986,2)
(956,2)
(576,2)
(781,2)
(696,2)
(846,2)
(841,2)
(701,2)
(636,2)
(661,2)
(766,2)
(771,2)
(631,2)
(831,2)
(571,2)
(856,2)
(916,2)
(871,2)
(751,2)
(762,2)
(967,2)
(992,2)
(677,2)
(822,2)
(647,2)
(942,2)
(457,2)
(907,2)
(767,2)
(937,2)
(672,2)
(682,2)
(947,2)
(972,2)
(867,2)
(557,2)
(567,2)
(562,2)
(723,2)
(933,2)
(758,2)
(658,2)
(918,2)
(958,2)
(963,2)
(988,2)
(968,2)
(708,2)
(903,2)
(718,2)
(673,2)
(578,2)
(908,2)
(763,2)
(993,2)
(883,2)
(843,2)
(873,2)
(523,2)
(803,2)
(733,2)
(609,2)
(904,2)
(909,2)
(859,2)
(719,2)
(884,2)
(814,2)
(519,2)
(699,2)
(779,2)
(969,2)
(864,2)
(914,2)
(634,2)
(829,2)
(979,2)
(749,2)
(535,1)
(810,1)
(775,1)
(820,1)
(710,1)
(785,1)
(940,1)
(995,1)
(861,1)
(981,1)
(761,1)
(736,1)
(786,1)
(876,1)
(796,1)
(816,1)
(746,1)
(821,1)
(772,1)
(847,1)
(987,1)
(817,1)
(807,1)
(887,1)
(737,1)
(627,1)
(877,1)
(792,1)
(687,1)
(777,1)
(893,1)
(453,1)
(858,1)
(688,1)
(768,1)
(618,1)
(798,1)
(668,1)
(769,1)
(944,1)
(929,1)
(664,1)
(774,1)
(794,1)
(984,1)
(819,1)
(694,1)
