2022-11-01	100.297355,24.206808	100.297355	24.206808	723
2022-11-01	100.591712,24.004148	100.591712	24.004148	690
2022-11-01	101.62196,36.782187	101.62196	36.782187	744
2022-11-01	102.357852,23.801165	102.357852	23.801165	731
2022-11-01	102.357852,25.682909	102.357852	25.682909	767
2022-11-01	102.505031,40.475282	102.505031	40.475282	701
2022-11-01	103.535279,37.840227	103.535279	37.840227	753
2022-11-01	103.976814,29.549464	103.976814	29.549464	702
2022-11-01	103.976814,34.499684	103.976814	34.499684	735
2022-11-01	104.565528,24.611149	104.565528	24.611149	740
2022-11-01	104.565528,25.415863	104.565528	25.415863	711
2022-11-01	105.595776,40.362789	105.595776	40.362789	720
2022-11-01	107.361917,28.189123	107.361917	28.189123	710
2022-11-01	107.95063,24.745637	107.95063	24.745637	697
2022-11-01	108.171398,38.710408	108.171398	38.710408	718
2022-11-01	108.392166,23.665665	108.392166	23.665665	728
2022-11-01	108.392166,29.485095	108.392166	29.485095	714
2022-11-01	108.760112,27.53508	108.760112	27.53508	696
2022-11-01	109.054468,30.318639	109.054468	30.318639	689
2022-11-01	109.348825,33.395741	109.348825	33.395741	755
2022-11-01	110.894198,36.663702	110.894198	36.663702	695
2022-11-01	111.041376,22.849697	111.041376	22.849697	727
2022-11-01	111.041376,23.530022	111.041376	23.530022	776
2022-11-01	111.335733,27.469457	111.335733	27.469457	699
2022-11-01	111.335733,40.362789	111.335733	40.362789	741
2022-11-01	111.63009,32.089701	111.63009	32.089701	670
2022-11-01	111.998036,29.549464	111.998036	29.549464	728
2022-11-01	111.998036,34.255614	111.998036	34.255614	707
2022-11-01	112.439571,33.148464	112.439571	33.148464	720
2022-11-01	112.660338,28.384555	112.660338	28.384555	766
2022-11-01	113.175463,24.611149	113.175463	24.611149	714
2022-11-01	113.39623,22.371406	113.39623	22.371406	722
2022-11-01	113.911355,23.190297	113.911355	23.190297	727
2022-11-01	113.911355,33.765326	113.911355	33.765326	706
2022-11-01	114.058533,36.247553	114.058533	36.247553	720
2022-11-01	114.058533,39.39896	114.058533	39.39896	731
2022-11-01	114.132122,29.420686	114.132122	29.420686	720
2022-11-01	114.573657,25.549461	114.573657	25.549461	742
2022-11-01	116.192619,32.900483	116.192619	32.900483	689
2022-11-01	116.266209,24.206808	116.266209	24.206808	718
2022-11-01	116.707744,27.600664	116.707744	27.600664	716
2022-11-01	116.707744,40.811622	116.707744	40.811622	673
2022-11-01	117.07569,34.010827	117.07569	34.010827	710
2022-11-01	117.517225,35.889066	117.517225	35.889066	690
2022-11-01	117.590814,34.682265	117.590814	34.682265	705
2022-11-01	117.885171,33.21035	117.885171	33.21035	684
2022-11-01	118.105938,25.749576	118.105938	25.749576	689
2022-11-01	118.105938,32.15233	118.105938	32.15233	752
2022-11-01	118.105938,39.05553	118.105938	39.05553	766
2022-11-01	118.547473,31.775904	118.547473	31.775904	671
2022-11-01	118.915419,42.467634	118.915419	42.467634	773
2022-11-01	119.062598,42.358568	119.062598	42.358568	773
2022-11-01	119.136187,36.545032	119.136187	36.545032	724
2022-11-01	119.356954,27.666207	119.356954	27.666207	716
2022-11-01	119.651311,29.99888	119.651311	29.99888	728
2022-11-01	119.651311,33.519113	119.651311	33.519113	713
2022-11-01	119.79849,28.384555	119.79849	28.384555	689
2022-11-01	120.313614,44.34531	120.313614	44.34531	722
2022-11-01	120.607971,31.650084	120.607971	31.650084	726
2022-11-01	120.828738,29.99888	120.828738	29.99888	705
2022-11-01	121.785398,41.86541	121.785398	41.86541	728
2022-11-01	122.742057,46.470265	122.742057	46.470265	745
2022-11-01	123.257181,48.807394	123.257181	48.807394	741
2022-11-01	124.28743,46.976345	124.28743	46.976345	705
2022-11-01	124.361019,45.856657	124.361019	45.856657	723
2022-11-01	124.655376,43.921297	124.655376	43.921297	729
2022-11-01	125.906392,44.239594	125.906392	44.239594	667
2022-11-01	126.347927,46.164322	126.347927	46.164322	753
2022-11-01	128.114068,46.825023	128.114068	46.825023	667
2022-11-01	129.438673,44.661308	129.438673	44.661308	706
2022-11-01	78.809312,38.131456	78.809312	38.131456	674
2022-11-01	79.324437,40.699699	79.324437	40.699699	749
2022-11-01	80.060328,37.195431	80.060328	37.195431	758
2022-11-01	80.060328,38.073303	80.060328	38.073303	680
2022-11-01	82.268004,34.743035	82.268004	34.743035	692
2022-11-01	82.415182,43.386971	82.415182	43.386971	691
2022-11-01	84.034145,40.531458	84.034145	40.531458	697
2022-11-01	84.254912,30.637348	84.254912	30.637348	695
2022-11-01	84.770036,40.923356	84.770036	40.923356	731
2022-11-01	86.756945,31.461029	86.756945	31.461029	706
2022-11-01	86.904123,45.547269	86.904123	45.547269	726
2022-11-01	87.860782,33.580733	87.860782	33.580733	692
2022-11-01	88.743853,39.227457	88.743853	39.227457	680
2022-11-01	88.817442,44.292476	88.817442	44.292476	699
2022-11-01	89.479744,30.126909	89.479744	30.126909	703
2022-11-01	91.319474,29.033363	91.319474	29.033363	725
2022-11-01	91.319474,38.652724	91.319474	38.652724	712
2022-11-01	91.68742,42.139864	91.68742	42.139864	698
2022-11-01	92.423312,37.313084	92.423312	37.313084	707
2022-11-01	92.791258,43.547772	92.791258	43.547772	740
2022-11-01	94.704577,41.257416	94.704577	41.257416	707
2022-11-01	95.808415,28.384555	95.808415	28.384555	692
2022-11-01	96.912252,36.545032	96.912252	36.545032	706
2022-11-01	96.985842,38.537214	96.985842	38.537214	733
2022-11-01	99.267106,26.811064	99.267106	26.811064	715
2022-11-01	99.267106,29.806522	99.267106	29.806522	675
2022-11-01	99.340696,25.682909	99.340696	25.682909	697
2022-11-01	99.487874,33.21035	99.487874	33.21035	702
2022-11-01	99.85582,40.643666	99.85582	40.643666	725
