21KE	8193	1558867	5
360	11166	2222034	2
8848	2093	20687907	23
AGM	97901	92754099	2
Apple	13919474	70158113485	0
BIHEE	15682	2536478	5
CONQUEST	107	501616	93
MANN	9983	4913077	3
OPPO	1380079	3221015189	2
ROG	33963	148595917	2
Unihertz	3094	6347506	10
VERTU	220	2437380	89
iQOO	39151	107998798	2
miue	895	88605	11
oppo	548	1518152	108
vivo	2864555	7315557101	1
一加	846787	4166043093	1
三星（SAMSUNG）	674223	3734273564	1
不羁（unruly）	3258	227734	6
中兴（ZTE）	26769	31194062	2
乐易	38297	38258703	0
京崎（TOOKY）	48159	7858147	2
克里特（kreta）	1028	10046972	29
关爱心	45637	6078136	3
创星	18776	3844178	5
努比亚（nubia）	86811	335149399	2
华为（HUAWEI）	21783299	62246976842	0
多亲（QIN）	184009	77834641	2
天翼1号	48	47952	188
天语（K-TOUCH）	2249491	311110997	0
天语（K-Touch）	116314	25800803	2
守护宝	502227	94019868	1
小米（MI）	13983248	22263298351	0
小辣椒	282358	171137143	1
尼凯恩（neken）	333620	34568260	0
康佳（KONKA）	36441	11319584	2
捷语（GoFly）	14083	4679720	3
摩托罗拉（Motorola）	2834	35422166	3
易百年	4730	1225070	2
朵唯（DOOV）	324353	187839808	2
柔宇（ROYOLE）	1264	12624832	8
欧奇（OUKI）	102	61098	98
海信（Hisense）	87876	193971524	1
海语（HAIYU）	35461	3679824	3
爱户外（ioutdoor）	4639	1707152	2
真我（realme）	965503	1579828993	0
硕王	15768	2018304	1
索尼（SONY）	13697	85364803	5
索爱（soaiy）	143606	37544324	1
纽曼（Newman）	705987	100059743	2
联想	25593	95434607	1
联想（LENOVO）	375	1349625	25
联想（Lenovo）	697	2294353	28
联想（lenovo）	881	3068119	33
苹果（APPLE）	556	2867848	17
荣耀（honor）	8	33432	2500
誉品（YEPEN）	75705	10467880	0
诺亚信（NOAIN）	16580	1641420	2
诺基亚（NOKIA）	1764691	390676766	0
遨游（AORO）	146	837080	205
酷比（koobee）	23	6877	435
酷派（Coolpad）	173209	110311638	1
金立（GiONEE）	1485	282488	13
金立（Gionee）	76878	47957079	3
锤子（smartisan）	70841	375386459	0
飞利浦（PHILIPS）	4080968	758091781	0
魅族（MEIZU）	119103	430400918	0
黑鲨	188662	634506094	1
